0
15360
16384
16896
17408
17664
17920
18176
18432
18560
18688
18816
18944
19072
19200
19328
15360
16384
16896
17408
17664
17920
18176
18432
18560
18688
18816
18944
19072
19200
19328
19456
16384
16896
17408
17664
17920
18176
18432
18560
18688
18816
18944
19072
19200
19328
19456
19520
16896
17408
17664
17920
18176
18432
18560
18688
18816
18944
19072
19200
19328
19456
19520
19584
17408
17664
17920
18176
18432
18560
18688
18816
18944
19072
19200
19328
19456
19520
19584
19648
17664
17920
18176
18432
18560
18688
18816
18944
19072
19200
19328
19456
19520
19584
19648
19712
17920
18176
18432
18560
18688
18816
18944
19072
19200
19328
19456
19520
19584
19648
19712
19776
18176
18432
18560
18688
18816
18944
19072
19200
19328
19456
19520
19584
19648
19712
19776
19840
18432
18560
18688
18816
18944
19072
19200
19328
19456
19520
19584
19648
19712
19776
19840
19904
18560
18688
18816
18944
19072
19200
19328
19456
19520
19584
19648
19712
19776
19840
19904
19968
18688
18816
18944
19072
19200
19328
19456
19520
19584
19648
19712
19776
19840
19904
19968
20032
18816
18944
19072
19200
19328
19456
19520
19584
19648
19712
19776
19840
19904
19968
20032
20096
0
0
0
0
0
0
0
0
0
0
0
0
0
0
0
0
0
15360
16896
17408
17664
17920
18176
18432
18560
18688
18816
18944
19072
19200
19328
0
0
16896
17408
17664
17920
18176
18432
18560
18688
18816
18944
19072
19200
19328
19456
0
0
17408
17664
17920
18176
18432
18560
18688
18816
18944
19072
19200
19328
19456
19520
0
0
17664
17920
18176
18432
18560
18688
18816
18944
19072
19200
19328
19456
19520
19584
0
0
17920
18176
18432
18560
18688
18816
18944
19072
19200
19328
19456
19520
19584
19648
0
0
18176
18432
18560
18688
18816
18944
19072
19200
19328
19456
19520
19584
19648
19712
0
0
18432
18560
18688
18816
18944
19072
19200
19328
19456
19520
19584
19648
19712
19776
0
0
18560
18688
18816
18944
19072
19200
19328
19456
19520
19584
19648
19712
19776
19840
0
0
18688
18816
18944
19072
19200
19328
19456
19520
19584
19648
19712
19776
19840
19904
0
0
18816
18944
19072
19200
19328
19456
19520
19584
19648
19712
19776
19840
19904
19968
0
0
0
0
0
0
0
0
0
0
0
0
0
0
0
0
0
0
0
0
0
0
0
0
0
0
0
0
0
0
0
0
0
0
17408
16384
16896
17408
17408
17664
17920
18176
18176
18432
18560
18688
18688
18176
0
0
16384
17408
17664
17920
18176
18432
18560
18688
18816
18944
19072
19200
19328
18816
0
0
16896
17664
17920
18176
18432
18560
18688
18816
18944
19072
19200
19328
19456
18944
0
0
17408
17920
18176
18432
18560
18688
18816
18944
19072
19200
19328
19456
19520
19072
0
0
17408
18176
18432
18560
18688
18816
18944
19072
19200
19328
19456
19520
19584
19200
0
0
17664
18432
18560
18688
18816
18944
19072
19200
19328
19456
19520
19584
19648
19200
0
0
17920
18560
18688
18816
18944
19072
19200
19328
19456
19520
19584
19648
19712
19328
0
0
18176
18688
18816
18944
19072
19200
19328
19456
19520
19584
19648
19712
19776
19456
0
0
18176
18816
18944
19072
19200
19328
19456
19520
19584
19648
19712
19776
19840
19520
0
0
17664
18432
18560
18688
18816
18816
18944
19072
19200
19200
19328
19456
19520
18816
0
0
0
0
0
0
0
0
0
0
0
0
0
0
0
0
0
0
0
0
0
0
0
0
0
0
0
0
0
0
0
0
0
0
15360
16384
16384
16896
17408
17408
17664
17664
17920
18176
18176
18432
18432
17664
0
0
16384
16896
17408
17664
17920
18176
18432
18560
18688
18816
18944
19072
18944
18432
0
0
16384
17408
17920
18176
18432
18560
18688
18816
18944
19072
19200
19328
19200
18688
0
0
16896
17664
18176
18432
18560
18688
18816
18944
19072
19200
19328
19456
19328
18688
0
0
17408
17920
18432
18560
18688
18816
18944
19072
19200
19328
19456
19520
19456
18816
0
0
17408
18176
18560
18688
18816
18944
19072
19200
19328
19456
19520
19584
19520
18944
0
0
17664
18432
18688
18816
18944
19072
19200
19328
19456
19520
19584
19648
19584
18944
0
0
17664
18560
18816
18944
19072
19200
19328
19456
19520
19584
19648
19712
19648
19072
0
0
17664
18560
18816
18944
19072
19072
19200
19328
19456
19520
19584
19648
19648
18944
0
0
16896
17920
18176
18432
18432
18560
18688
18688
18816
18944
18944
19072
18944
18432
0
0
0
0
0
0
0
0
0
0
0
0
0
0
0
0
0
0
0
0
0
0
0
0
0
0
0
0
0
0
0
0
0
0
15360
15360
16384
16384
16896
17408
17408
17664
17664
17920
17920
18176
17920
17408
0
0
15360
16896
17408
17664
17920
17920
18176
18432
18560
18688
18816
18816
18688
17920
0
0
16384
17408
17664
17920
18176
18432
18560
18688
18816
18944
19072
19200
19072
18432
0
0
16384
17664
17920
18432
18560
18688
18816
18944
19072
19200
19328
19328
19200
18560
0
0
16896
17920
18176
18560
18688
18816
18944
19072
19200
19328
19456
19456
19328
18560
0
0
17408
17920
18432
18688
18816
18944
19072
19200
19328
19456
19520
19520
19456
18688
0
0
17408
18176
18560
18816
18944
19072
19200
19328
19456
19520
19584
19584
19456
18688
0
0
17408
18432
18688
18816
18944
19072
19200
19328
19456
19520
19584
19648
19520
18688
0
0
17408
18176
18560
18816
18816
18944
19072
19200
19328
19456
19456
19520
19328
18688
0
0
16384
17408
17920
17920
18176
18176
18432
18560
18560
18688
18688
18688
18688
17920
0
0
0
0
0
0
0
0
0
0
0
0
0
0
0
0
0
0
0
0
0
0
0
0
0
0
0
0
0
0
0
23544
23544
0
0
15360
15360
16384
16896
16896
17408
17408
17664
17664
17920
17664
17664
23544
23544
0
15360
16384
16896
17408
17664
17920
17920
18176
18432
18560
18688
18688
18560
23544
23544
0
15360
16896
17664
17920
18176
18432
18560
18688
18816
18944
19072
19072
18816
23544
23544
0
16384
17408
17920
18176
18432
18560
18688
18816
18944
19072
19200
19200
19072
23544
23544
0
16896
17664
18176
18432
18688
18816
18944
19072
19200
19328
19328
19328
19072
23544
23544
0
16896
17920
18432
18560
18816
18944
19072
19200
19328
19456
19456
19456
19200
23544
23544
0
16896
17920
18560
18688
18816
18944
19072
19200
19328
19456
19520
19520
19328
23544
23544
0
17408
18176
18560
18816
18816
18944
19072
19200
19328
19456
19520
19520
19328
23544
23544
0
16896
17920
18432
18560
18688
18816
18944
19072
19072
19200
19328
19328
19072
18176
0
0
16384
16896
17408
17920
17920
17920
18176
18176
18432
18432
18560
18560
18176
17664
0
0
0
0
0
0
0
0
0
0
0
0
0
0
0
0
0
0
0
0
0
0
0
0
0
0
0
0
0
0
0
0
0
0
0
0
15360
16384
16384
16896
16896
17408
17408
17664
17664
17664
21552
23040
0
0
0
16384
16896
17408
17664
17664
17920
18176
18432
18432
18560
23544
23544
23544
23544
0
15360
16896
17408
17664
17920
18176
18432
18560
18688
18816
18944
23544
23544
23544
23544
0
16384
17408
17664
18176
18432
18560
18688
18816
18944
19072
19072
23544
23544
23544
23544
0
16384
17664
17920
18432
18560
18688
18816
18944
19072
19200
19328
23544
23544
23544
23544
0
16896
17664
18176
18560
18688
18816
18944
19072
19200
19328
19456
23544
23544
23544
23544
0
16896
17920
18432
18688
18816
18944
19072
19200
19328
19456
19456
23544
23544
23544
23544
0
16896
17920
18432
18560
18816
18816
18944
19072
19200
19328
19456
23544
23544
23544
23544
0
16896
17664
18176
18432
18560
18688
18816
18816
18944
19072
19072
23544
23544
23544
23544
0
15360
16896
17408
17408
17664
17920
17920
18176
18176
18176
18432
23544
23544
23544
23544
0
0
0
0
0
0
0
0
0
0
0
0
0
0
0
0
0
0
0
0
0
0
0
0
0
0
0
0
0
0
0
0
0
0
0
15360
15360
16384
16384
16896
16896
17408
17408
17408
21776
22288
21760
0
0
0
15360
16384
16896
17408
17664
17664
17920
18176
18432
21600
22552
23168
23416
0
0
15360
16384
17408
17664
17920
18176
18432
18560
18688
23544
23544
23544
23544
23544
23544
0
15360
16896
17664
17920
18176
18432
18560
18688
18816
23544
23544
23544
23544
23544
23544
0
16384
17408
17920
18176
18560
18688
18816
18944
19072
23544
23544
23544
23544
23544
23544
0
16384
17664
18176
18432
18688
18816
18944
19072
19200
23544
23544
23544
23544
23544
23544
0
16896
17664
18176
18560
18688
18816
18944
19072
19200
23544
23544
23544
23544
23544
23544
0
16896
17664
18176
18560
18688
18816
18944
18944
19072
23544
23544
23544
23544
23544
23544
0
16384
17408
17920
18176
18432
18560
18560
18688
18816
23544
23544
23544
23544
23544
23544
0
15360
16384
16896
17408
17408
17664
17920
17920
17920
23544
23544
23544
23544
23544
23544
0
0
0
0
0
0
0
0
0
0
23544
23544
23544
23544
23544
23544
0
0
0
0
0
0
0
0
0
0
0
0
0
0
0
0
0
0
0
0
15360
15360
16384
16384
23544
23544
23544
23544
23544
23544
23544
23544
0
0
15360
16384
16896
17408
17408
17664
23544
23544
23544
23544
23544
23544
23544
23544
0
0
16384
16896
17408
17664
17920
18176
23544
23544
23544
23544
23544
23544
23544
23544
0
15360
16896
17408
17920
18176
18432
18560
23544
23544
23544
23544
23544
23544
23544
23544
0
15360
17408
17664
18176
18432
18560
18688
23544
23544
23544
23544
23544
23544
23544
23544
0
16384
17408
17920
18432
18560
18688
18816
23544
23544
23544
23544
23544
23544
23544
23544
0
16384
17664
18176
18432
18688
18816
18944
23544
23544
23544
23544
23544
23544
23544
23544
0
16384
17408
17920
18432
18560
18688
18816
23544
23544
23544
23544
23544
23544
23544
23544
0
16384
16896
17664
17920
18176
18432
18560
23544
23544
23544
23544
23544
23544
23544
23544
0
15360
16384
16896
16896
17408
17408
17664
17664
21568
23040
23544
23544
23544
23544
0
0
0
0
0
0
0
0
0
0
0
0
0
0
0
0
0
0
0
0
0
0
0
23544
23544
23544
23544
23544
23544
23544
23544
23544
0
0
0
0
0
15360
15360
23544
23544
23544
23544
23544
23544
23544
23544
23544
0
0
0
15360
15360
16384
16896
23544
23544
23544
23544
23544
23544
23544
23544
23544
0
0
0
15360
16896
17408
17664
23544
23544
23544
23544
23544
23544
23544
23544
23544
0
0
15360
16384
17408
17664
17920
23544
23544
23544
23544
23544
23544
23544
23544
23544
0
0
15360
16896
17664
17920
18432
23544
23544
23544
23544
23544
23544
23544
23544
23544
0
0
15360
17408
17920
18176
18560
23544
23544
23544
23544
23544
23544
23544
23544
23544
0
0
16384
17408
17920
18432
18560
23544
23544
23544
23544
23544
23544
23544
23544
23544
0
0
16384
17408
17920
18176
18432
23544
23544
23544
23544
23544
23544
23544
23544
23544
0
0
15360
16896
17408
17664
17920
18176
21584
22552
23168
23416
23544
23544
23544
23544
0
0
15360
15360
16384
16896
16896
17408
17408
21792
22288
22656
22904
23032
23032
22512
0
0
0
0
0
0
0
0
0
0
0
0
0
0
0
0
0
0
0
0
0
0
0
0
0
0
0
0
0
0
0
0
0
0
0
0
0
0
21504
23032
23544
23544
23544
23544
23544
23544
23544
23032
0
0
0
0
15360
23544
23544
23544
