0 0
0 1
0 2
0 3
0 4
0 5
0 6
0 7
0 8
0 9
0 10
0 11
0 12
0 13
0 14
0 15
0 16
1 17
3 18
4 19
5 20
6 21
7 22
8 23
9 24
10 25
11 26
12 27
13 28
14 29
15 30
0 31
0 32
3 33
4 34
5 35
6 36
7 37
8 38
9 39
10 40
11 41
12 42
13 43
14 44
15 45
16 46
0 47
0 48
4 49
5 50
6 51
7 52
8 53
9 54
10 55
11 56
12 57
13 58
14 59
15 60
16 61
17 62
0 63
0 64
5 65
6 66
7 67
8 68
9 69
10 70
11 71
12 72
13 73
14 74
15 75
16 76
17 77
18 78
0 79
0 80
6 81
7 82
8 83
9 84
10 85
11 86
12 87
13 88
14 89
15 90
16 91
17 92
18 93
19 94
0 95
0 96
7 97
8 98
9 99
10 100
11 101
12 102
13 103
14 104
15 105
16 106
17 107
18 108
19 109
20 110
0 111
0 112
8 113
9 114
10 115
11 116
12 117
13 118
14 119
15 120
16 121
17 122
18 123
19 124
20 125
21 126
0 127
0 128
9 129
10 130
11 131
12 132
13 133
14 134
15 135
16 136
17 137
18 138
19 139
20 140
21 141
22 142
0 143
0 144
10 145
11 146
12 147
13 148
14 149
15 150
16 151
17 152
18 153
19 154
20 155
21 156
22 157
23 158
0 159
0 160
11 161
12 162
13 163
14 164
15 165
16 166
17 167
18 168
19 169
20 170
21 171
22 172
23 173
24 174
0 175
0 176
0 177
0 178
0 179
0 180
0 181
0 182
0 183
0 184
0 185
0 186
0 187
0 188
0 189
0 190
0 191
0 0
0 1
0 2
0 3
0 4
0 5
0 6
0 7
0 8
0 9
0 10
0 11
0 12
0 13
0 14
0 15
0 16
4 17
2 18
3 19
4 20
4 21
5 22
6 23
7 24
7 25
8 26
9 27
10 28
10 29
7 30
0 31
0 32
2 33
4 34
5 35
6 36
7 37
8 38
9 39
10 40
11 41
12 42
13 43
14 44
15 45
11 46
0 47
0 48
3 49
5 50
6 51
7 52
8 53
9 54
10 55
11 56
12 57
13 58
14 59
15 60
16 61
12 62
0 63
0 64
4 65
6 66
7 67
8 68
9 69
10 70
11 71
12 72
13 73
14 74
15 75
16 76
17 77
13 78
0 79
0 80
4 81
7 82
8 83
9 84
10 85
11 86
12 87
13 88
14 89
15 90
16 91
17 92
18 93
14 94
0 95
0 96
5 97
8 98
9 99
10 100
11 101
12 102
13 103
14 104
15 105
16 106
17 107
18 108
19 109
14 110
0 111
0 112
6 113
9 114
10 115
11 116
12 117
13 118
14 119
15 120
16 121
17 122
18 123
19 124
20 125
15 126
0 127
0 128
7 129
10 130
11 131
12 132
13 133
14 134
15 135
16 136
17 137
18 138
19 139
20 140
21 141
16 142
0 143
0 144
7 145
11 146
12 147
13 148
14 149
15 150
16 151
17 152
18 153
19 154
20 155
21 156
22 157
17 158
0 159
0 160
5 161
8 162
9 163
10 164
11 165
11 166
12 167
13 168
14 169
14 170
15 171
16 172
17 173
11 174
0 175
0 176
0 177
0 178
0 179
0 180
0 181
0 182
0 183
0 184
0 185
0 186
0 187
0 188
0 189
0 190
0 191
0 0
0 1
0 2
0 3
0 4
0 5
0 6
0 7
0 8
0 9
0 10
0 11
0 12
0 13
0 14
0 15
0 16
1 17
2 18
2 19
3 20
4 21
4 22
5 23
5 24
6 25
7 26
7 27
8 28
8 29
5 30
0 31
0 32
2 33
3 34
4 35
5 36
6 37
7 38
8 39
9 40
10 41
11 42
12 43
13 44
12 45
8 46
0 47
0 48
2 49
4 50
6 51
7 52
8 53
9 54
10 55
11 56
12 57
13 58
14 59
15 60
14 61
10 62
0 63
0 64
3 65
5 66
7 67
8 68
9 69
10 70
11 71
12 72
13 73
14 74
15 75
16 76
15 77
10 78
0 79
0 80
4 81
6 82
8 83
9 84
10 85
11 86
12 87
13 88
14 89
15 90
16 91
17 92
16 93
11 94
0 95
0 96
4 97
7 98
9 99
10 100
11 101
12 102
13 103
14 104
15 105
16 106
17 107
18 108
17 109
12 110
0 111
0 112
5 113
8 114
10 115
11 116
12 117
13 118
14 119
15 120
16 121
17 122
18 123
19 124
18 125
12 126
0 127
0 128
5 129
9 130
11 131
12 132
13 133
14 134
15 135
16 136
17 137
18 138
19 139
20 140
19 141
13 142
0 143
0 144
5 145
9 146
11 147
12 148
13 149
13 150
14 151
15 152
16 153
17 154
18 155
19 156
19 157
12 158
0 159
0 160
3 161
6 162
7 163
8 164
8 165
9 166
10 167
10 168
11 169
12 170
12 171
13 172
12 173
8 174
0 175
0 176
0 177
0 178
0 179
0 180
0 181
0 182
0 183
0 184
0 185
0 186
0 187
0 188
0 189
0 190
0 191
0 0
0 1
0 2
0 3
0 4
0 5
0 6
0 7
0 8
0 9
0 10
0 11
0 12
0 13
0 14
0 15
0 16
1 17
1 18
2 19
2 20
3 21
4 22
4 23
5 24
5 25
6 26
6 27
7 28
6 29
4 30
0 31
0 32
1 33
3 34
4 35
5 36
6 37
6 38
7 39
8 40
9 41
10 42
11 43
11 44
10 45
6 46
0 47
0 48
2 49
4 50
5 51
6 52
7 53
8 54
9 55
10 56
11 57
12 58
13 59
14 60
13 61
8 62
0 63
0 64
2 65
5 66
6 67
8 68
9 69
10 70
11 71
12 72
13 73
14 74
15 75
15 76
14 77
9 78
0 79
0 80
3 81
6 82
7 83
9 84
10 85
11 86
12 87
13 88
14 89
15 90
16 91
16 92
15 93
9 94
0 95
0 96
4 97
6 98
8 99
10 100
11 101
12 102
13 103
14 104
15 105
16 106
17 107
17 108
16 109
10 110
0 111
0 112
4 113
7 114
9 115
11 116
12 117
13 118
14 119
15 120
16 121
17 122
18 123
18 124
16 125
10 126
0 127
0 128
4 129
8 130
10 131
11 132
12 133
13 134
14 135
15 136
16 137
17 138
18 139
19 140
17 141
10 142
0 143
0 144
4 145
7 146
9 147
11 148
11 149
12 150
13 151
14 152
15 153
16 154
16 155
17 156
15 157
10 158
0 159
0 160
2 161
4 162
6 163
6 164
7 165
7 166
8 167
9 168
9 169
10 170
10 171
10 172
10 173
6 174
0 175
0 176
0 177
0 178
0 179
0 180
0 181
0 182
0 183
0 184
0 185
0 186
0 187
0 188
0 189
0 190
0 191
0 0
0 1
0 2
0 3
0 4
0 5
0 6
0 7
0 8
0 9
0 10
0 11
0 12
0 13
0 14
0 15
0 16
0 17
1 18
1 19
2 20
3 21
3 22
4 23
4 24
5 25
5 26
6 27
5 28
5 29
3 30
0 31
0 32
1 33
2 34
3 35
4 36
5 37
6 38
6 39
7 40
8 41
9 42
10 43
10 44
9 45
5 46
0 47
0 48
1 49
3 50
5 51
6 52
7 53
8 54
9 55
10 56
11 57
12 58
13 59
13 60
11 61
7 62
0 63
0 64
2 65
4 66
6 67
7 68
8 69
9 70
10 71
11 72
12 73
13 74
14 75
14 76
13 77
7 78
0 79
0 80
3 81
5 82
7 83
8 84
10 85
11 86
12 87
13 88
14 89
15 90
15 91
15 92
13 93
8 94
0 95
0 96
3 97
6 98
8 99
9 100
11 101
12 102
13 103
14 104
15 105
16 106
16 107
16 108
14 109
8 110
0 111
0 112
3 113
6 114
9 115
10 116
11 117
12 118
13 119
14 120
15 121
16 122
17 123
17 124
15 125
9 126
0 127
0 128
4 129
7 130
9 131
11 132
11 133
12 134
13 135
14 136
15 137
16 138
17 139
17 140
15 141
9 142
0 143
0 144
3 145
6 146
8 147
9 148
10 149
11 150
12 151
13 152
13 153
14 154
15 155
15 156
13 157
7 158
0 159
0 160
2 161
3 162
4 163
6 164
6 165
6 166
7 167
7 168
8 169
8 170
9 171
9 172
7 173
5 174
0 175
0 176
0 177
0 178
0 179
0 180
0 181
0 182
0 183
0 184
0 185
0 186
0 187
0 188
0 189
0 190
0 191
0 0
0 1
0 2
0 3
0 4
0 5
0 6
0 7
0 8
0 9
0 10
0 11
0 12
0 13
0 14
0 15
0 16
0 17
0 18
1 19
2 20
2 21
3 22
3 23
4 24
4 25
5 26
5 27
5 28
67 29
192 30
0 31
0 32
0 33
2 34
3 35
4 36
5 37
5 38
6 39
7 40
8 41
8 42
9 43
9 44
70 45
193 46
0 47
0 48
1 49
3 50
4 51
5 52
6 53
7 54
8 55
9 56
10 57
11 58
12 59
12 60
72 61
194 62
0 63
0 64
2 65
4 66
5 67
7 68
8 69
9 70
10 71
11 72
12 73
13 74
13 75
13 76
73 77
194 78
0 79
0 80
2 81
5 82
6 83
8 84
9 85
10 86
11 87
12 88
13 89
14 90
15 91
14 92
74 93
194 94
0 95
0 96
3 97
5 98
7 99
9 100
10 101
11 102
12 103
13 104
14 105
15 106
16 107
15 108
74 109
194 110
0 111
0 112
3 113
6 114
8 115
10 116
11 117
12 118
13 119
14 120
15 121
16 122
16 123
16 124
75 125
195 126
0 127
0 128
3 129
6 130
8 131
9 132
11 133
11 134
12 135
13 136
14 137
15 138
16 139
16 140
75 141
133 142
0 143
0 144
3 145
5 146
7 147
8 148
9 149
10 150
11 151
11 152
12 153
13 154
13 155
13 156
11 157
68 158
0 159
0 160
1 161
3 162
4 163
4 164
5 165
6 166
6 167
7 168
7 169
7 170
8 171
7 172
6 173
3 174
0 175
0 176
0 177
0 178
0 179
0 180
0 181
0 182
0 183
0 184
0 185
0 186
0 187
0 188
0 189
0 190
0 191
0 0
0 1
0 2
0 3
0 4
0 5
0 6
0 7
0 8
0 9
0 10
0 11
0 12
0 13
0 14
0 15
0 16
0 17
0 18
1 19
1 20
2 21
2 22
3 23
3 24
4 25
4 26
4 27
81 28
113 29
80 30
0 31
0 32
0 33
1 34
2 35
3 36
4 37
5 38
5 39
6 40
7 41
8 42
70 43
131 44
208 45
239 46
0 47
0 48
1 49
2 50
4 51
5 52
6 53
7 54
8 55
9 56
10 57
10 58
72 59
194 60
255 61
255 62
0 63
0 64
1 65
3 66
5 67
6 68
7 69
8 70
9 71
10 72
11 73
12 74
73 75
194 76
255 77
255 78
0 79
0 80
2 81
4 82
6 83
7 84
9 85
10 86
11 87
12 88
13 89
14 90
74 91
195 92
255 93
255 94
0 95
0 96
2 97
5 98
7 99
8 100
10 101
11 102
12 103
13 104
14 105
15 106
75 107
195 108
255 109
255 110
0 111
0 112
3 113
5 114
7 115
9 116
10 117
11 118
12 119
13 120
14 121
15 122
75 123
195 124
255 125
255 126
0 127
0 128
3 129
5 130
7 131
9 132
10 133
11 134
12 135
12 136
13 137
14 138
74 139
195 140
255 141
255 142
0 143
0 144
2 145
4 146
6 147
7 148
8 149
9 150
9 151
10 152
11 153
11 154
73 155
194 156
255 157
255 158
0 159
0 160
1 161
2 162
3 163
4 164
4 165
5 166
6 167
6 168
6 169
7 170
68 171
129 172
191 173
191 174
0 175
0 176
0 177
0 178
0 179
0 180
0 181
0 182
0 183
0 184
0 185
0 186
0 187
0 188
0 189
0 190
0 191
0 0
0 1
0 2
0 3
0 4
0 5
0 6
0 7
0 8
0 9
0 10
0 11
0 12
0 13
0 14
0 15
0 16
0 17
0 18
0 19
1 20
1 21
2 22
2 23
3 24
3 25
4 26
38 27
62 28
92 29
88 30
0 31
0 32
0 33
1 34
2 35
3 36
4 37
4 38
5 39
6 40
7 41
84 42
99 43
153 44
184 45
135 46
0 47
0 48
0 49
2 50
3 51
4 52
5 53
6 54
7 55
8 56
70 57
132 58
208 59
224 60
243 61
251 62
0 63
0 64
1 65
3 66
4 67
6 68
7 69
8 70
9 71
10 72
72 73
194 74
255 75
255 76
255 77
255 78
0 79
0 80
1 81
4 82
5 83
7 84
8 85
9 86
10 87
11 88
73 89
194 90
255 91
255 92
255 93
255 94
0 95
0 96
2 97
4 98
6 99
8 100
9 101
10 102
11 103
12 104
73 105
194 106
255 107
255 108
255 109
255 110
0 111
0 112
2 113
5 114
7 115
8 116
10 117
11 118
12 119
12 120
73 121
194 122
255 123
255 124
255 125
255 126
0 127
0 128
2 129
4 130
6 131
8 132
9 133
10 134
11 135
12 136
73 137
194 138
255 139
255 140
255 141
255 142
0 143
0 144
2 145
3 146
5 147
6 148
7 149
8 150
9 151
9 152
71 153
194 154
255 155
255 156
255 157
255 158
0 159
0 160
1 161
2 162
3 163
3 164
4 165
4 166
5 167
5 168
68 169
192 170
255 171
255 172
255 173
255 174
0 175
0 176
0 177
0 178
0 179
0 180
0 181
0 182
0 183
0 184
0 185
0 186
0 187
0 188
0 189
0 190
0 191
0 0
0 1
0 2
0 3
0 4
0 5
0 6
0 7
0 8
0 9
0 10
0 11
0 12
0 13
0 14
0 15
0 16
0 17
0 18
0 19
1 20
1 21
1 22
65 23
128 24
191 25
191 26
191 27
191 28
191 29
191 30
0 31
0 32
0 33
1 34
1 35
2 36
3 37
4 38
67 39
192 40
255 41
255 42
255 43
255 44
255 45
255 46
0 47
0 48
0 49
1 50
3 51
4 52
5 53
6 54
68 55
193 56
255 57
255 58
255 59
255 60
255 61
255 62
0 63
0 64
1 65
2 66
4 67
5 68
6 69
7 70
70 71
193 72
255 73
255 74
255 75
255 76
255 77
255 78
0 79
0 80
1 81
3 82
5 83
6 84
8 85
9 86
71 87
193 88
255 89
255 90
255 91
255 92
255 93
255 94
0 95
0 96
1 97
4 98
6 99
7 100
9 101
10 102
71 103
194 104
255 105
255 106
255 107
255 108
255 109
255 110
0 111
0 112
2 113
4 114
6 115
8 116
9 117
10 118
72 119
194 120
255 121
255 122
255 123
255 124
255 125
255 126
0 127
0 128
2 129
4 130
6 131
7 132
8 133
9 134
71 135
194 136
255 137
255 138
255 139
255 140
255 141
255 142
0 143
0 144
1 145
3 146
4 147
5 148
6 149
7 150
69 151
131 152
208 153
239 154
255 155
255 156
255 157
255 158
0 159
0 160
1 161
1 162
2 163
3 164
3 165
4 166
4 167
82 168
113 169
144 170
175 171
191 172
191 173
127 174
0 175
0 176
0 177
0 178
0 179
0 180
0 181
0 182
0 183
0 184
0 185
0 186
0 187
0 188
0 189
0 190
0 191
0 0
0 1
0 2
0 3
0 4
0 5
0 6
0 7
0 8
0 9
0 10
0 11
0 12
0 13
0 14
0 15
0 16
0 17
0 18
0 19
0 20
64 21
191 22
255 23
255 24
255 25
255 26
255 27
255 28
255 29
191 30
0 31
0 32
0 33
0 34
1 35
2 36
65 37
192 38
255 39
255 40
255 41
255 42
255 43
255 44
255 45
191 46
0 47
0 48
0 49
1 50
2 51
3 52
67 53
192 54
255 55
255 56
255 57
255 58
255 59
255 60
255 61
191 62
0 63
0 64
0 65
2 66
3 67
5 68
68 69
192 70
255 71
255 72
255 73
255 74
255 75
255 76
255 77
191 78
0 79
0 80
1 81
3 82
4 83
6 84
69 85
193 86
255 87
255 88
255 89
255 90
255 91
255 92
255 93
191 94
0 95
0 96
1 97
3 98
5 99
7 100
69 101
193 102
255 103
255 104
255 105
255 106
255 107
255 108
255 109
191 110
0 111
0 112
1 113
4 114
6 115
7 116
70 117
193 118
255 119
255 120
255 121
255 122
255 123
255 124
255 125
191 126
0 127
0 128
1 129
3 130
5 131
6 132
69 133
131 134
208 135
224 136
243 137
251 138
255 139
255 140
255 141
191 142
0 143
0 144
1 145
2 146
4 147
5 148
5 149
83 150
99 151
153 152
184 153
215 154
231 155
239 156
239 157
159 158
0 159
0 160
0 161
1 162
2 163
2 164
3 165
3 166
38 167
62 168
108 169
131 170
147 171
155 172
143 173
111 174
0 175
0 176
0 177
0 178
0 179
0 180
0 181
0 182
0 183
0 184
0 185
0 186
0 187
0 188
0 189
0 190
0 191
0 0
0 1
0 2
0 3
0 4
0 5
0 6
0 7
0 8
0 9
0 10
0 11
0 12
0 13
0 14
0 15
0 16
