0
0
0
0
0
0
0
0
0
0
0
0
0
0
0
0
0
0
0
0
0
0
0
0
0
0
0
0
0
0
0
0
0
12856
13880
14791
15075
15473
15587
15815
15928
16156
16270
16440
16497
16611
16668
16782
16839
16952
17009
17123
17180
17294
17351
17436
17464
17521
17550
17607
17635
17066
16042
0
0
13880
14904
15815
16099
16497
16611
16839
16952
17180
17294
17464
17521
17635
17692
17806
17863
17976
18033
18147
18204
18318
18375
18460
18488
18545
18574
18631
18659
18090
17066
0
0
14791
15815
16668
16867
17237
17407
17578
17663
17834
17919
18090
18175
18346
18431
18517
18559
18645
18687
18773
18815
18901
18943
19029
19071
19157
19199
19285
19327
18716
17692
0
0
15075
16099
16867
17052
17407
17493
17663
17749
17919
18005
18175
18261
18431
18474
18559
18602
18687
18730
18815
18858
18943
18986
19071
19114
19199
19242
19327
19370
18744
17720
0
0
15473
16497
17237
17407
17578
17663
17834
17919
18090
18175
18346
18431
18517
18559
18645
18687
18773
18815
18901
18943
19029
19071
19157
19199
19285
19327
19413
19455
18801
17777
0
0
15587
16611
17407
17493
17663
17749
17919
18005
18175
18261
18431
18474
18559
18602
18687
18730
18815
18858
18943
18986
19071
19114
19199
19242
19327
19370
19455
19477
18830
17806
0
0
15815
16839
17578
17663
17834
17919
18090
18175
18346
18431
18517
18559
18645
18687
18773
18815
18901
18943
19029
19071
19157
19199
19285
19327
19413
19455
19498
19519
18887
17863
0
0
15928
16952
17663
17749
17919
18005
18175
18261
18431
18474
18559
18602
18687
18730
18815
18858
18943
18986
19071
19114
19199
19242
19327
19370
19455
19477
19519
19541
18915
17891
0
0
16156
17180
17834
17919
18090
18175
18346
18431
18517
18559
18645
18687
18773
18815
18901
18943
19029
19071
19157
19199
19285
19327
19413
19455
19498
19519
19562
19583
18972
17948
0
0
16270
17294
17919
18005
18175
18261
18431
18474
18559
18602
18687
18730
18815
18858
18943
18986
19071
19114
19199
19242
19327
19370
19455
19477
19519
19541
19583
19605
19000
17976
0
0
16440
17464
18090
18175
18346
18431
18517
18559
18645
18687
18773
18815
18901
18943
19029
19071
19157
19199
19285
19327
19413
19455
19498
19519
19562
19583
19626
19647
19057
18033
0
0
16497
17521
18175
18261
18431
18474
18559
18602
18687
18730
18815
18858
18943
18986
19071
19114
19199
19242
19327
19370
19455
19477
19519
19541
19583
19605
19647
19669
19086
18062
0
0
16611
17635
18346
18431
18517
18559
18645
18687
18773
18815
18901
18943
19029
19071
19157
19199
19285
19327
19413
19455
19498
19519
19562
19583
19626
19647
19690
19711
19143
18119
0
0
16668
17692
18431
18474
18559
18602
18687
18730
18815
18858
18943
18986
19071
19114
19199
19242
19327
19370
19455
19477
19519
19541
19583
19605
19647
19669
19711
19733
19171
18147
0
0
16782
17806
18517
18559
18645
18687
18773
18815
18901
18943
19029
19071
19157
19199
19285
19327
19413
19455
19498
19519
19562
19583
19626
19647
19690
19711
19754
19775
19228
18204
0
0
16839
17863
18559
18602
18687
18730
18815
18858
18943
18986
19071
19114
19199
19242
19327
19370
19455
19477
19519
19541
19583
19605
19647
19669
19711
19733
19775
19797
19256
18232
0
0
16952
17976
18645
18687
18773
18815
18901
18943
19029
19071
19157
19199
19285
19327
19413
19455
19498
19519
19562
19583
19626
19647
19690
19711
19754
19775
19818
19839
19313
18289
0
0
17009
18033
18687
18730
18815
18858
18943
18986
19071
19114
19199
19242
19327
19370
19455
19477
19519
19541
19583
19605
19647
19669
19711
19733
19775
19797
19839
19861
19342
18318
0
0
17123
18147
18773
18815
18901
18943
19029
19071
19157
19199
19285
19327
19413
19455
19498
19519
19562
19583
19626
19647
19690
19711
19754
19775
19818
19839
19882
19903
19399
18375
0
0
17180
18204
18815
18858
18943
18986
19071
19114
19199
19242
19327
19370
19455
19477
19519
19541
19583
19605
19647
19669
19711
19733
19775
19797
19839
19861
19903
19925
19427
18403
0
0
16611
17635
18318
18375
18460
18488
18545
18574
18631
18659
18716
18744
18801
18830
18887
18915
18972
19000
19057
19086
19143
19171
19228
19256
19313
19342
19399
19427
18773
17749
0
0
15587
16611
17294
17351
17436
17464
17521
17550
17607
17635
17692
17720
17777
17806
17863
17891
17948
17976
18033
18062
18119
18147
18204
18232
18289
18318
18375
18403
17749
16725
0
0
0
0
0
0
0
0
0
0
0
0
0
0
0
0
0
0
0
0
0
0
0
0
0
0
0
0
0
0
0
0
0
0
0
0
0
0
0
0
0
0
0
0
0
0
0
0
0
0
0
0
0
0
0
0
0
0
0
0
0
0
0
0
0
0
14222
15246
15559
15303
15075
15303
15530
15615
15786
15871
16042
16127
16298
16383
16469
16511
16597
16639
16725
16767
16853
16895
16981
17023
17109
17151
17009
16824
16042
15018
0
0
15246
16270
16583
16327
16099
16327
16554
16639
16810
16895
17066
17151
17322
17407
17493
17535
17621
17663
17749
17791
17877
17919
18005
18047
18133
18175
18033
17848
17066
16042
0
0
15559
16583
17066
16938
16981
17151
17436
17507
17649
17720
17863
17934
18076
18147
18289
18360
18467
18503
18574
18609
18680
18716
18787
18823
18894
18929
18826
18687
17905
16881
0
0
15303
16327
16938
17023
17279
17429
17592
17671
17827
17905
18062
18140
18296
18375
18481
18520
18599
18638
18716
18755
18833
18872
18951
18990
19068
19107
19007
18869
18147
17123
0
0
15075
16099
16981
17279
17578
17663
17834
17919
18090
18175
18346
18431
18517
18559
18645
18687
18773
18815
18901
18943
19029
19071
19157
19199
19285
19327
19228
19086
18431
17407
0
0
15303
16327
17151
17429
17663
17749
17919
18005
18175
18261
18431
18474
18559
18602
18687
18730
18815
18858
18943
18986
19071
19114
19199
19242
19327
19370
19267
19121
18453
17429
0
0
15530
16554
17436
17592
17834
17919
18090
18175
18346
18431
18517
18559
18645
18687
18773
18815
18901
18943
19029
19071
19157
19199
19285
19327
19413
19455
19345
19192
18495
17471
0
0
15615
16639
17507
17671
17919
18005
18175
18261
18431
18474
18559
18602
18687
18730
18815
18858
18943
18986
19071
19114
19199
19242
19327
19370
19455
19477
19384
19228
18517
17493
0
0
15786
16810
17649
17827
18090
18175
18346
18431
18517
18559
18645
18687
18773
18815
18901
18943
19029
19071
19157
19199
19285
19327
19413
19455
19498
19519
19459
19299
18559
17535
0
0
15871
16895
17720
17905
18175
18261
18431
18474
18559
18602
18687
18730
18815
18858
18943
18986
19071
19114
19199
19242
19327
19370
19455
19477
19519
19541
19479
19335
18581
17557
0
0
16042
17066
17863
18062
18346
18431
18517
18559
18645
18687
18773
18815
18901
18943
19029
19071
19157
19199
19285
19327
19413
19455
19498
19519
19562
19583
19518
19406
18623
17599
0
0
16127
17151
17934
18140
18431
18474
18559
18602
18687
18730
18815
18858
18943
18986
19071
19114
19199
19242
19327
19370
19455
19477
19519
19541
19583
19605
19537
19441
18645
17621
0
0
16298
17322
18076
18296
18517
18559
18645
18687
18773
18815
18901
18943
19029
19071
19157
19199
19285
19327
19413
19455
19498
19519
19562
19583
19626
19647
19576
19484
18687
17663
0
0
16383
17407
18147
18375
18559
18602
18687
18730
18815
18858
18943
18986
19071
19114
19199
19242
19327
19370
19455
19477
19519
19541
19583
19605
19647
19669
19596
19502
18709
17685
0
0
16469
17493
18289
18481
18645
18687
18773
18815
18901
18943
19029
19071
19157
19199
19285
19327
19413
19455
19498
19519
19562
19583
19626
19647
19690
19711
19635
19537
18751
17727
0
0
16511
17535
18360
18520
18687
18730
18815
18858
18943
18986
19071
19114
19199
19242
19327
19370
19455
19477
19519
19541
19583
19605
19647
19669
19711
19733
19655
19555
18773
17749
0
0
16597
17621
18467
18599
18773
18815
18901
18943
19029
19071
19157
19199
19285
19327
19413
19455
19498
19519
19562
19583
19626
19647
19690
19711
19754
19775
19694
19591
18815
17791
0
0
16639
17663
18503
18638
18815
18858
18943
18986
19071
19114
19199
19242
19327
19370
19455
19477
19519
19541
19583
19605
19647
19669
19711
19733
19775
19797
19713
19608
18837
17813
0
0
16554
17578
18442
18581
18759
18798
18876
18915
18993
19032
19111
19150
19228
19267
19345
19384
19459
19479
19518
19537
19576
19596
19635
19655
19694
19713
19623
19512
18702
17678
0
0
16426
17450
18261
18485
18659
18695
18766
18801
18872
18908
18979
19015
19086
19121
19192
19228
19299
19335
19406
19441
19484
19502
19537
19555
19591
19608
19512
19342
18545
17521
0
0
15587
16611
17507
17692
17919
17962
18047
18090
18175
18218
18303
18346
18431
18453
18495
18517
18559
18581
18623
18645
18687
18709
18751
18773
18815
18837
18702
18545
17692
16668
0
0
14563
15587
16483
16668
16895
16938
17023
17066
17151
17194
17279
17322
17407
17429
17471
17493
17535
17557
17599
17621
17663
17685
17727
17749
17791
17813
17678
17521
16668
15644
0
0
0
0
0
0
0
0
0
0
0
0
0
0
0
0
0
0
0
0
0
0
0
0
0
0
0
0
0
0
0
0
0
0
0
0
0
0
0
0
0
0
0
0
0
0
0
0
0
0
0
0
0
0
0
0
0
0
0
0
0
0
0
0
0
0
12060
13084
14392
14791
15189
15189
15303
15388
15530
15615
15758
15815
15957
16042
16184
16241
16383
16426
16497
16526
16597
16639
16711
16739
16753
16739
16568
16412
15530
14506
0
0
13084
14108
15416
15815
16213
16213
16327
16412
16554
16639
16782
16839
16981
17066
17208
17265
17407
17450
17521
17550
17621
17663
17735
17763
17777
17763
17592
17436
16554
15530
0
0
14392
15416
16412
16654
16967
17038
17223
17336
17493
17557
17678
17735
17863
17934
18062
18119
18239
18303
18424
18456
18520
18556
18620
18648
18663
18648
18495
18282
17464
16440
0
0
14791
15815
16654
16839
17166
17308
17500
17571
17706
17770
17905
17976
18126
18204
18353
18424
18495
18527
18595
18631
18705
18744
18819
18855
18872
18855
18677
18517
17649
16625
0
0
15189
16213
16967
17166
17493
17599
17791
17877
18033
18104
18261
18346
18474
18517
18602
18645
18723
18759
18837
18879
18965
19007
19093
19135
19160
19143
18936
18748
17919
16895
0
0
15189
16213
17038
17308
17599
17706
17898
17983
18147
18225
18389
18453
18538
18581
18666
18709
18791
18830
18911
18954
19039
19082
19167
19210
19239
19224
19015
18819
18005
16981
0
0
15303
16327
17223
17500
17791
17898
18090
18175
18346
18431
18517
18559
18645
18687
18773
18815
18901
18943
19029
19071
19157
19199
19285
19327
19359
19349
19132
18926
18133
17109
0
0
15388
16412
17336
17571
17877
17983
18175
18261
18431
18474
18559
18602
18687
18730
18815
18858
18943
18986
19071
19114
19199
19242
19327
19370
19402
19391
19171
18961
18175
17151
0
0
15530
16554
17493
17706
18033
18147
18346
18431
18517
18559
18645
18687
18773
18815
18901
18943
19029
19071
19157
19199
19285
19327
19413
19455
19471
19466
19246
19025
18247
17223
0
0
15615
16639
17557
17770
18104
18225
18431
18474
18559
18602
18687
18730
18815
18858
18943
18986
19071
19114
19199
19242
19327
19370
19455
19477
19493
19487
19281
19054
18275
17251
0
0
15758
16782
17678
17905
18261
18389
18517
18559
18645
18687
18773
18815
18901
18943
19029
19071
19157
19199
19285
19327
19413
19455
19498
19519
19534
19527
19349
19114
18346
17322
0
0
15815
16839
17735
17976
18346
18453
18559
18602
18687
18730
18815
18858
18943
18986
19071
19114
19199
19242
19327
19370
19455
19477
19519
19541
19553
19544
19381
19146
18389
17365
0
0
15957
16981
17863
18126
18474
18538
18645
18687
18773
18815
18901
18943
19029
19071
19157
19199
19285
19327
19413
19455
19498
19519
19562
19583
19594
19583
19448
19207
18446
17422
0
0
16042
17066
17934
18204
18517
18581
18687
18730
18815
18858
18943
18986
19071
19114
19199
19242
19327
19370
19455
19477
19519
19541
19583
19605
19615
19605
19470
19235
18460
17436
0
0
16184
17208
18062
18353
18602
18666
18773
18815
18901
18943
19029
19071
19157
19199
19285
19327
19413
19455
19498
19519
19562
19583
19626
19647
19658
19647
19507
19299
18495
17471
0
0
16241
17265
18119
18424
18645
18709
18815
18858
18943
18986
19071
19114
19199
19242
19327
19370
19455
19477
19519
19541
19583
19605
19647
19669
19679
19669
19527
19335
18517
17493
0
0
16298
17322
18168
18456
18680
18748
18858
18901
18986
19029
19111
19150
19231
19274
19359
19402
19471
19493
19534
19553
19594
19615
19658
19679
19690
19679
19532
19335
18510
17486
0
0
16298
17322
18161
18449
18673
18744
18858
18901
18986
19029
19107
19143
19221
19263
19349
19391
19466
19487
19527
19544
19583
19605
19647
19669
19679
19669
19518
19299
18481
17457
0
0
16071
17095
17955
18225
18531
18599
18705
18744
18819
18855
18922
18954
19022
19057
19132
19171
19246
19281
19349
19381
19448
19470
19507
19527
19532
19518
19306
19061
18261
17237
0
0
15843
16867
17756
17998
18360
18456
18552
18588
18652
18680
18741
18773
18833
18862
18926
18961
19025
19054
19114
19146
19207
19235
19299
19335
19335
19299
19061
18858
18047
17023
0
0
15018
16042
16924
17208
17521
17592
17706
17749
17820
17848
17919
17962
18033
18062
18133
18175
18247
18275
18346
18389
18446
18460
18495
18517
18510
18481
18261
18047
17294
16270
0
0
13994
15018
15900
16184
16497
16568
16682
16725
16796
16824
16895
16938
17009
17038
17109
17151
17223
17251
17322
17365
17422
17436
17471
17493
17486
17457
17237
17023
16270
15246
0
0
0
0
0
0
0
0
0
0
0
0
0
0
0
0
0
0
0
0
0
0
0
0
0
0
0
0
0
0
0
0
0
0
0
0
0
0
0
0
0
0
0
0
0
0
0
0
0
0
0
0
0
0
0
0
0
0
0
0
0
0
0
0
0
0
12060
13084
13880
14108
14506
14677
14961
15075
15303
15388
15530
15615
15729
15758
15871
15957
16099
16156
16270
16327
16426
16469
16526
16540
16511
16469
16213
15957
15132
14108
0
0
13084
14108
14904
15132
15530
15701
15985
16099
16327
16412
16554
16639
16753
16782
16895
16981
17123
17180
17294
17351
17450
17493
17550
17564
17535
17493
17237
16981
16156
15132
0
0
13880
14904
15815
16099
16526
16668
16924
17038
17265
17379
17514
17578
17685
17727
17834
17898
18019
18076
18190
18247
18367
18431
18478
18492
18471
18435
18126
17884
17038
16014
0
0
14108
15132
16099
16440
16796
16952
17251
17393
17543
17614
17749
17813
17941
18005
18133
18197
18332
18403
18488
18524
18591
18623
18673
18691
18670
18631
18446
18168
17351
16327
0
0
14506
15530
16526
16796
17265
17436
17628
17720
17898
17983
18140
18211
18367
18442
18520
18556
18634
18677
18762
18805
18883
18919
18975
18997
18972
18926
18695
18510
17607
16583
0
0
14677
15701
16668
16952
17436
17550
17763
17863
18047
18133
18296
18375
18485
18527
18609
18648
18730
18773
18858
18901
18983
19022
19082
19103
19075
19025
18776
18577
17678
16654
0
0
14961
15985
16924
17251
17628
17763
18005
18111
18303
18389
18495
18538
18623
18666
18751
18794
18879
18922
19007
19050
19135
19178
19242
19263
19228
19171
18901
18687
17806
16782
0
0
15075
16099
17038
17393
17720
17863
18111
18218
18410
18463
18549
18591
18677
18719
18805
18847
18933
18975
19061
19103
19189
19231
19295
19317
19278
19217
18943
18730
17863
16839
0
0
15303
16327
17265
17543
17898
18047
18303
18410
18517
18559
18645
18687
18773
18815
18901
18943
19029
19071
19157
19199
19285
19327
19391
19413
19370
19306
19022
18801
17948
16924
0
0
15388
16412
17379
17614
17983
18133
18389
18463
18559
18602
18687
18730
18815
18858
18943
18986
19071
19114
19199
19242
19327
19370
19434
19455
19413
19349
19057
18830
17976
16952
0
0
15530
16554
17514
17749
18140
18296
18495
18549
18645
18687
18773
18815
18901
18943
19029
19071
19157
19199
19285
19327
19413
19455
19487
19498
19477
19434
19128
18887
18033
17009
0
0
15615
16639
17578
17813
18211
18375
18538
18591
18687
18730
18815
18858
18943
18986
19071
19114
19199
19242
19327
19370
19455
19477
19509
19519
19498
19466
19164
18915
18062
17038
0
0
15729
16753
17685
17941
18367
18485
18623
18677
18773
18815
18901
18943
19029
19071
19157
19199
19285
19327
19413
19455
19498
19519
19551
19562
19539
19505
19231
18975
18133
17109
0
0
15758
16782
17727
18005
18442
18527
18666
18719
18815
18858
18943
18986
19071
19114
19199
19242
19327
19370
19455
19477
19519
19541
19573
19583
19559
19523
19263
19007
18175
17151
0
0
15843
16867
17813
18111
18510
18599
18741
18794
18890
18933
19015
19054
19135
19178
19263
19306
19391
19434
19487
19509
19551
19573
19605
19615
19591
19555
19317
19050
18218
17194
0
0
15900
16924
17855
18154
18535
18627
18773
18826
18922
18965
19043
19079
19157
19199
19285
19327
19413
19455
19498
19519
19562
19583
19615
19626
19603
19569
19338
19061
18218
17194
0
0
15900
16924
17855
18154
18535
18627
18773
18826
18915
18951
19022
19057
19132
19171
19249
19288
19370
19413
19477
19498
19539
19559
19591
19603
19580
19544
19292
19022
18175
17151
0
0
15843
16867
17813
18111
18510
18599
18741
18794
18876
18904
18972
19011
19086
19121
19192
19228
19306
19349
19434
19466
19505
19523
19555
19569
19544
19505
19224
18972
18133
17109
0
0
15615
16639
17599
17855
18268
18424
18549
18591
18659
18684
18741
18773
18833
18862
18922
18954
19022
19057
19128
19164
19231
19263
19317
19338
19292
19224
18943
18730
17863
16839
0
0
15445
16469
17429
17642
17998
18140
18346
18410
18481
18510
18559
18581
18627
18652
18709
18741
18801
18830
18887
18915
18975
19007
19050
19061
19022
18972
18730
18538
17635
16611
0
0
14563
15587
16526
16753
17151
17322
17479
17507
17578
17621
17678
17692
17735
17763
17834
17877
17948
17976
18033
18062
18133
18175
18218
18218
18175
18133
17863
17635
16725
15701
0
0
13539
14563
15502
15729
16127
16298
16455
16483
16554
16597
16654
16668
16711
16739
16810
16853
16924
16952
17009
17038
17109
17151
17194
17194
17151
17109
16839
16611
15701
14677
0
0
0
0
0
0
0
0
0
0
0
0
0
0
0
0
0
0
0
0
0
0
0
0
0
0
0
0
0
0
0
0
0
0
0
0
0
0
0
0
0
0
0
0
0
0
0
0
0
0
0
0
0
0
0
0
0
0
0
0
0
0
0
0
0
0
11036
12060
13425
13880
14392
14449
14677
14847
15132
15246
15388
15416
15530
15615
15729
15758
15871
15957
16071
16099
16213
16298
16355
16327
16241
16184
15871
15615
14677
13653
0
0
12060
13084
14449
14904
15416
15473
15701
15871
16156
16270
16412
16440
16554
16639
16753
16782
16895
16981
17095
17123
17237
17322
17379
17351
17265
17208
16895
16639
15701
14677
0
0
13425
14449
15530
15871
16398
16497
16725
16853
17080
17180
17365
17429
17528
17585
17685
17727
17834
17898
18005
18047
18147
18204
18261
18261
18190
18119
17820
17592
16668
15644
0
0
13880
14904
15871
16213
16625
16782
17066
17194
17422
17479
17599
17663
17777
17827
17941
18005
18133
18197
18325
18389
18467
18492
18527
18538
18499
18449
18104
17841
16952
15928
0
0
14392
15416
16398
16625
17066
17279
17528
17607
17756
17827
17976
18055
18190
18247
18389
18453
18531
18567
18645
18687
18759
18787
18830
18844
18794
18730
18503
18247
17407
16383
0
0
14449
15473
16497
16782
17279
17450
17649
17742
17912
17991
18140
18211
18353
18424
18506
18549
18631
18670
18751
18794
18872
18908
18951
18958
18901
18837
18595
18403
17493
16469
0
0
14677
15701
16725
17066
17528
17649
17877
17983
18183
18275
18435
18471
18549
18591
18677
18719
18805
18847
18933
18975
19057
19096
19139
19143
19079
19011
18741
18538
17621
16597
0
0
14847
15871
16853
17194
17607
17742
17983
18090
18296
18396
18503
18542
18623
18666
18751
18794
18879
18922
19007
19050
19128
19164
19207
19214
19150
19079
18794
18581
17663
16639
0
0
15132
16156
17080
17422
17756
17912
18183
18296
18474
18527
18623
18666
18751
18794
18879
18922
19007
19050
19135
19178
19253
19285
19324
19331
19260
19182
18879
18655
17749
16725
0
0
15246
16270
17180
17479
17827
17991
18275
18396
18527
18581
18677
18719
18805
18847
18933
18975
19061
19103
19189
19231
19306
19338
19374
19377
19299
19217
18911
18687
17791
16767
0
0
15388
16412
17365
17599
17976
18140
18435
18503
18623
18677
18773
18815
18901
18943
19029
19071
19157
19199
19285
19327
19402
19434
19461
19461
19377
19288
18968
18737
17848
16824
0
0
15416
16440
17429
17663
18055
18211
18471
18542
18666
18719
18815
18858
18943
18986
19071
19114
19199
19242
19327
19370
19445
19466
19482
19482
19416
19324
18993
18755
17863
16839
0
0
15502
16526
17514
17770
18190
18353
18545
18616
18741
18794
18890
18933
19018
19061
19146
19189
19274
19317
19402
19445
19487
19503
19519
19519
19471
19391
19043
18791
17891
16867
0
0
15559
16583
17557
17813
18247
18424
18584
18652
18773
18826
18922
18965
19050
19093
19178
19221
19306
19349
19434
19466
19503
19519
19535
19535
19487
19423
19068
18808
17905
16881
0
0
15644
16668
17621
17877
18325
18474
18638
18705
18819
18865
18954
18997
19082
19125
19210
19253
19338
19381
19461
19482
19519
19535
19551
19551
19502
19448
19089
18830
17934
16910
0
0
15672
16696
17642
17898
18346
18485
18652
18723
18833
18872
18954
18997
19082
19125
19210
19253
19338
19381
19461
19482
19519
19535
19551
19551
19500
19441
19086
18833
17948
16924
0
0
15615
16639
17599
17855
18303
18463
18620
18680
18780
18819
18894
18929
19007
19050
19135
19178
19260
19299
19377
19416
19471
19487
19502
19500
19448
19356
19018
18773
17877
16853
0
0
15530
16554
17535
17791
18239
18431
18574
18620
18712
18759
18833
18862
18933
18975
19061
19103
19182
19217
19288
19324
19391
19423
19448
19441
19356
19278
18954
18709
17791
16767
0
0
15246
16270
17251
17550
17927
18083
18318
18396
18488
18524
18584
18609
18670
18705
18776
18812
18879
18911
18968
18993
19043
19068
19089
19086
19018
18954
18687
18485
17550
16526
0
0
14961
15985
16967
17336
17678
17799
18012
18104
18232
18268
18360
18417
18481
18510
18567
18595
18655
18687
18737
18755
18791
18808
18830
18833
18773
18709
18485
18218
17379
16355
0
0
14108
15132
16099
16440
16753
16867
17123
17265
17407
17407
17450
17493
17564
17592
17649
17678
17749
17791
17848
17863
17891
17905
17934
17948
17877
17791
17550
17379
16497
15473
0
0
13084
14108
15075
15416
15729
15843
16099
16241
16383
16383
16426
16469
16540
16568
16625
16654
16725
16767
16824
16839
16867
16881
16910
16924
16853
16767
16526
16355
15473
14449
0
0
0
0
0
0
0
0
0
0
0
0
0
0
0
0
0
0
0
0
0
0
0
0
0
0
0
0
0
0
0
0
0
0
0
0
0
0
0
0
0
0
0
0
0
0
0
0
0
0
0
0
0
0
0
0
0
0
0
0
0
0
0
0
0
0
11036
12060
12856
13084
13653
13994
14449
14563
14791
14904
15189
15359
15445
15445
15530
15615
15729
15758
15871
15957
16042
16042
16071
16099
18513
19395
20618
21063
20824
19800
0
0
12060
13084
13880
14108
14677
15018
15473
15587
15815
15928
16213
16383
16469
16469
16554
16639
16753
16782
16895
16981
17066
17066
17095
17123
19537
20419
21642
22087
21848
20824
0
0
12856
13880
14904
15303
15815
16099
16497
16611
16839
16952
17180
17294
17436
17464
17550
17607
17706
17749
17855
17919
18005
18026
18055
18062
20168
20982
22236
22714
22532
21508
0
0
13084
14108
15303
15644
16270
16483
16782
16924
17208
17351
17500
17550
17656
17713
17820
17870
17983
18047
18175
18239
18346
18389
18424
18417
20247
21017
22248
22718
22534
21510
0
0
13653
14677
15815
16270
16753
16952
17336
17464
17642
17727
17870
17927
18062
18140
18275
18332
18453
18495
18574
18609
18677
18709
18730
18719
20380
21079
22270
22726
22536
21512
0
0
13994
15018
16099
16483
16952
17180
17507
17607
17791
17877
18033
18104
18247
18318
18446
18481
18559
18602
18684
18723
18794
18826
18847
18837
20435
21104
22279
22729
22537
21513
0
0
14449
15473
16497
16782
17336
17507
17749
17855
18055
18147
18325
18410
18499
18535
18613
18655
18741
18783
18869
18911
18983
19011
19032
19025
20500
21142
22291
22733
22539
21515
0
0
14563
15587
16611
16924
17464
17607
17855
17962
18168
18268
18442
18485
18567
18606
18687
18730
18815
18858
18943
18986
19054
19079
19100
19096
20515
21153
22295
22735
22540
21516
0
0
14791
15815
16839
17208
17642
17791
18055
18168
18389
18463
18563
18609
18698
18741
18826
18869
18954
18997
19079
19118
19178
19199
19214
19207
20539
21175
22302
22737
22541
21517
0
0
14904
15928
16952
17351
17727
17877
18147
18268
18463
18517
18620
18670
18762
18805
18890
18933
19018
19061
19139
19175
19231
19253
19260
19246
20548
21184
22305
22738
22541
21517
0
0
15132
16156
17151
17493
17870
18033
18325
18442
18559
18613
18719
18773
18869
18911
18997
19039
19125
19167
19242
19274
19327
19349
19349
19327
20566
21201
22311
22740
22541
21517
0
0
15246
16270
17237
17535
17927
18104
18410
18485
18602
18655
18762
18815
18911
18954
19039
19082
19167
19210
19285
19317
19370
19391
19391
19370
20575
21208
22313
22741
22542
21518
0
0
15388
16412
17393
17628
18040
18225
18488
18556
18673
18723
18823
18872
18965
19007
19093
19135
19221
19263
19342
19377
19434
19455
19457
19441
20591
21222
22318
22742
22543
21519
0
0
15416
16440
17436
17678
18097
18275
18513
18584
18702
18748
18840
18887
18975
19018
19103
19146
19231
19274
19356
19395
19455
19466
19470
19463
20598
21228
22320
22743
22543
21519
0
0
15445
16469
17471
17727
18168
18353
18549
18613
18723
18769
18855
18894
18975
19018
19103
19146
19228
19267
19349
19391
19457
19470
19477
19471
20602
21231
22211
22634
22339
21315
0
0
15445
16469
17471
17727
18183
18382
18559
18613
18716
18766
18851
18887
18965
19007
19093
19135
19214
19249
19327
19370
19441
19463
19471
19466
20599
21229
22100
22519
22119
21095
0
0
15416
16440
17429
17663
18090
18282
18506
18559
18655
18698
18773
18805
18879
18922
19000
19036
19107
19143
19214
19249
19317
19349
19370
19359
20223
20762
21646
21954
21668
20644
0
0
15388
16412
17365
17599
17983
18154
18442
18506
18602
18634
18698
18730
18805
18847
18919
18947
19015
19054
19121
19150
19210
19242
19263
19253
19733
20117
21103
21610
21372
20348
0
0
15018
16042
16981
17322
17671
17806
18055
18168
18332
18382
18460
18488
18549
18581
18638
18663
18716
18744
18798
18823
18872
18897
18911
18901
18805
18719
19836
20553
20423
19399
0
0
14677
15701
16682
16981
17464
17585
17784
17863
17998
18055
18161
18211
18303
18346
18439
18467
18510
18524
18567
18595
18641
18659
18666
18655
18581
18517
19175
19676
19502
18478
0
0
13653
14677
15701
16042
16526
16668
16867
16924
17066
17151
17294
17351
17422
17436
17493
17535
17578
17578
17621
17663
17720
17735
17735
17720
17649
17592
17294
16924
15928
14904
0
0
12629
13653
14677
15018
15502
15644
15843
15900
16042
16127
16270
16327
16398
16412
16469
16511
16554
16554
16597
16639
16696
16711
16711
16696
16625
16568
16270
15900
14904
13880
0
0
0
0
0
0
0
0
0
0
0
0
0
0
0
0
0
0
0
0
0
0
0
0
0
0
0
0
0
0
0
0
0
0
0
0
0
0
0
0
0
0
0
0
0
0
0
0
0
0
0
0
0
0
0
0
0
0
0
0
0
0
0
0
0
0
0
0
11605
12629
13539
13767
14222
14392
14677
14847
15018
15018
15189
15359
15473
15502
15615
15701
15786
15786
15843
15900
18705
19628
20398
20550
20545
20380
19576
18552
0
0
0
0
12629
13653
14563
14791
15246
15416
15701
15871
16042
16042
16213
16383
16497
16526
16639
16725
16810
16810
16867
16924
19729
20652
21422
21574
21569
21404
20600
19576
0
0
11605
12629
14335
14847
15615
15871
16355
16483
16711
16824
16995
17052
17223
17336
17471
17514
17614
17671
17756
17784
19015
19681
21068
21668
22298
22537
22631
22601
21903
20879
0
0
12629
13653
14847
15359
15957
16298
16654
16796
17038
17137
17351
17436
17543
17592
17706
17770
17884
17934
18040
18097
19756
20559
21605
21959
22585
22749
22941
22967
22467
21443
0
0
13539
14563
15615
15957
16554
16767
17166
17351
17528
17585
17720
17799
17934
17991
18133
18218
18360
18417
18492
18531
20327
21060
22044
22479
22911
23102
23348
23404
22807
21783
0
0
13767
14791
15871
16298
16767
16981
17393
17500
17671
17742
17884
17955
18097
18168
18325
18410
18499
18535
18606
18641
20376
21083
22164
22617
23065
23242
23446
23474
22835
21811
0
0
14222
15246
16355
16654
17166
17393
17621
17727
17927
18019
18183
18254
18410
18463
18549
18591
18677
18719
18794
18826
20463
21125
22290
22733
23220
23382
23543
23543
22863
21839
0
0
14392
15416
16483
16796
17351
17500
17727
17834
18040
18140
18318
18396
18495
18538
18623
18666
18751
18794
18869
18901
20490
21143
22297
22735
23220
23382
23543
23543
22863
21839
0
0
14677
15701
16711
17038
17528
17671
17927
18040
18261
18367
18495
18538
18623
18666
18751
18794
18879
18922
19000
19036
20522
21173
22307
22739
23222
23383
23543
23543
22863
21839
0
0
14847
15871
16824
17137
17585
17742
18019
18140
18367
18453
18549
18591
18677
18719
18805
18847
18933
18975
19057
19096
20535
21183
22311
22741
23223
23383
23543
23543
22863
21839
0
0
15018
16042
16995
17351
17720
17884
18183
18318
18495
18549
18645
18687
18773
18815
18901
18943
19029
19071
19157
19199
20559
21203
22317
22743
23224
23384
23543
23543
22863
21839
0
0
15018
16042
17052
17436
17799
17955
18254
18396
18538
18591
18687
18730
18815
18858
18943
18986
19071
19114
19199
19242
20568
21212
22320
22744
23224
23384
23543
23543
22863
21839
0
0
15132
16156
17180
17521
17912
18076
18382
18478
18606
18663
18759
18798
18879
18922
19007
19050
19135
19178
19260
19299
20582
21225
22325
22746
23225
23384
23543
23543
22863
21839
0
0
15246
16270
17251
17550
17948
18126
18435
18503
18631
18691
18787
18823
18901
18943
19029
19071
19157
19199
19278
19313
20585
21230
22327
22746
23225
23384
23543
23543
22863
21839
0
0
15359
16383
17322
17578
17976
18161
18456
18524
18645
18698
18791
18830
18908
18947
19025
19064
19146
19189
19267
19303
20582
21225
22325
22746
23225
23384
23543
23543
22863
21839
0
0
15359
16383
17322
17578
17969
18147
18449
18520
18634
18677
18766
18812
18894
18929
19000
19036
19114
19157
19239
19278
20575
21216
22322
22745
23225
23384
23543
23543
22863
21839
0
0
15189
16213
17194
17514
17884
18040
18325
18442
18545
18584
18670
18716
18791
18819
18883
18919
18990
19025
19096
19132
20540
21184
22311
22741
23223
23383
23543
23543
22863
21839
0
0
15018
16042
17066
17450
17806
17948
18197
18303
18467
18513
18599
18638
18702
18727
18791
18830
18897
18926
18983
19011
20512
21161
22303
22738
23222
23383
23543
23543
22863
21839
0
0
14677
15701
16725
17066
17521
17635
17827
17905
18069
18154
18296
18353
18446
18471
18524
18552
18602
18623
18666
18687
20392
21091
22165
22616
23049
23211
23373
23373
22750
21726
0
0
14506
15530
16511
16767
17223
17415
17585
17656
17791
17855
17969
18019
18126
18183
18268
18296
18367
18410
18463
18485
20295
21044
22034
22466
22876
23040
23203
23203
22637
21613
0
0
13653
14677
15587
15815
16270
16440
16639
16725
16867
16924
17038
17095
17237
17322
17407
17407
17436
17464
17521
17550
19608
20483
21354
21645
22080
22300
22519
22519
21839
20815
0
0
12629
13653
14563
14791
15246
15416
15615
15701
15843
15900
16014
16071
16213
16298
16383
16383
16412
16440
16497
16526
18584
19459
20330
20621
21056
21276
21495
21495
20815
19791
0
0
0
0
0
0
0
0
0
0
0
0
0
0
0
0
0
0
0
0
0
0
0
0
0
0
0
0
0
0
0
0
0
0
0
0
0
0
0
0
0
0
0
0
0
0
0
0
0
0
0
0
0
0
0
0
0
0
0
0
0
0
0
0
0
0
0
0
11036
12060
12856
13084
13653
13994
14392
14449
14677
14847
15018
15018
15189
15359
15473
15502
15587
15644
17713
18567
19391
19589
19969
20184
20369
20339
19683
18659
0
0
0
0
12060
13084
13880
14108
14677
15018
15416
15473
15701
15871
16042
16042
16213
16383
16497
16526
16611
16668
18737
19591
20415
20613
20993
21208
21393
21363
20707
19683
0
0
11036
12060
13653
14335
15075
15416
15871
16127
16469
16554
16753
16867
17038
17095
17265
17379
17493
17535
19114
19839
20739
21041
21602
21781
22122
22285
22346
22244
21588
20564
0
0
12060
13084
14335
14677
15502
15815
16383
16511
16767
16895
17123
17223
17422
17479
17585
17635
17749
17813
19903
20741
21514
21631
21981
22214
22569
22651
22643
22553
21758
20734
0
0
12856
13880
15075
15502
16213
16511
16881
17038
17365
17471
17614
17671
17806
17884
18019
18076
19192
19779
21123
21696
22271
22463
22700
22810
22992
23064
23056
22977
22337
21313
0
0
13084
14108
15416
15815
16511
16725
17123
17308
17535
17621
17777
17848
17991
18062
18204
18275
19811
20590
21624
21980
22582
22732
22957
23032
23169
23231
23263
23234
22637
21613
0
0
13653
14677
15871
16383
16881
17123
17493
17599
17799
17891
18069
18154
18311
18382
18485
18527
20334
21067
22051
22487
22915
23106
23324
23351
23412
23447
23495
23508
22849
21825
0
0
13994
15018
16127
16511
17038
17308
17599
17706
17912
18012
18197
18282
18439
18478
18559
18602
20369
21084
22167
22619
23067
23243
23434
23447
23478
23495
23519
23526
22856
21832
0
0
14392
15416
16469
16767
17365
17535
17799
17912
18133
18239
18435
18481
18570
18613
18698
18741
20433
21113
22287
22732
23219
23381
23543
23543
23543
23543
23543
23543
22863
21839
0
0
14449
15473
16554
16895
17471
17621
17891
18012
18239
18346
18492
18542
18634
18677
18762
18805
20462
21126
22291
22734
23220
23382
23543
23543
23543
23543
23543
23543
22863
21839
0
0
14677
15701
16753
17123
17607
17763
18055
18190
18431
18485
18591
18645
18741
18783
18869
18911
20495
21147
22299
22737
23221
23382
23543
23543
23543
23543
23543
23543
22863
21839
0
0
14847
15871
16867
17223
17656
17820
18126
18268
18474
18527
18634
18687
18783
18826
18911
18954
20504
21156
22302
22738
23222
23383
23543
23543
23543
23543
23543
23543
22863
21839
0
0
15018
16042
17009
17379
17749
17919
18232
18375
18531
18588
18695
18744
18837
18879
18961
19000
20514
21165
22305
22739
23222
23383
23543
23543
23543
23543
23543
23543
22863
21839
0
0
15018
16042
17038
17422
17791
17962
18268
18403
18545
18606
18712
18759
18847
18890
18968
19004
20514
21165
22305
22739
23222
23383
23543
23543
23543
23543
23543
23543
22863
21839
0
0
15018
16042
17052
17436
17813
17983
18282
18410
18545
18606
18709
18751
18830
18865
18936
18972
20506
21157
22302
22738
23222
23383
23543
23543
23543
23543
23543
23543
22863
21839
0
0
15018
16042
17038
17422
17791
17962
18261
18389
18531
18588
18687
18730
18801
18830
18897
18936
20498
21149
22299
22737
23221
23382
23543
23543
23543
23543
23543
23543
22863
21839
0
0
14904
15928
16910
17265
17671
17827
18111
18239
18446
18492
18577
18616
18684
18712
18773
18805
20451
21118
22287
22733
23220
23382
23543
23543
23543
23543
23543
23543
22863
21839
0
0
14791
15815
16796
17123
17571
17713
17983
18111
18318
18396
18488
18524
18595
18631
18687
18709
20401
21095
22279
22730
23219
23381
23543
23543
23543
23543
23543
23543
22863
21839
0
0
14449
15473
16469
16725
17208
17422
17635
17735
17898
17962
18083
18140
18261
18325
18417
18439
20273
21036
22259
22723
23216
23380
23543
23543
23543
23543
23543
23543
22863
21839
0
0
14108
15132
16127
16469
16881
17080
17415
17486
17621
17685
17799
17848
17941
17983
18062
18097
20195
21000
22246
22718
23214
23379
23543
23543
23543
23543
23543
23543
22863
21839
0
0
13084
14108
15132
15473
15928
16156
16440
16497
16639
16725
16867
16924
17009
17038
17123
17180
19555
20444
21648
22092
22642
22753
22863
22863
22863
22863
22863
22863
22293
21269
0
0
12060
13084
14108
14449
14904
15132
15416
15473
15615
15701
15843
15900
15985
16014
16099
16156
18531
19420
20624
21068
21618
21729
21839
21839
21839
21839
21839
21839
21269
20245
0
0
0
0
0
0
0
0
0
0
0
0
0
0
0
0
0
0
0
0
0
0
0
0
0
0
0
0
0
0
0
0
0
0
0
0
0
0
0
0
0
0
0
0
0
0
0
0
0
0
0
0
0
0
0
0
0
0
0
0
0
0
0
0
0
0
0
0
10012
11036
12401
12856
13425
13539
13994
14335
14506
14506
18346
19295
20273
20599
21046
21271
21495
21495
21495
21495
21495
21495
21495
21495
21495
21495
20815
19791
0
0
0
0
11036
12060
13425
13880
14449
14563
15018
15359
15530
15530
19370
20319
21297
21623
22070
22295
22519
22519
22519
22519
22519
22519
22519
22519
22519
22519
21839
20815
0
0
10012
11036
13084
13767
14734
15132
15615
15786
16184
16398
16568
16625
19950
20891
21981
22426
22867
23035
23203
23203
23203
23203
23203
23203
23203
23203
23203
23203
22637
21613
0
0
11036
12060
13767
14449
15303
15559
16042
16298
16568
16668
16881
16995
19996
20911
22101
22593
23039
23206
23373
23373
23373
23373
23373
23373
23373
23373
23373
23373
22750
21726
0
0
12401
13425
14734
15303
15928
16241
16654
16839
17137
17251
17464
17543
20079
20949
22228
22711
23211
23377
23543
23543
23543
23543
23543
23543
23543
23543
23543
23543
22863
21839
0
0
12856
13880
15132
15559
16241
16497
16881
17080
17415
17486
17628
17699
20117
20967
22235
22714
23212
23378
23543
23543
23543
23543
23543
23543
23543
23543
23543
23543
22863
21839
0
0
13425
14449
15615
16042
16654
16881
17322
17471
17671
17763
17927
17998
20188
21001
22247
22718
23214
23379
23543
23543
23543
23543
23543
23543
23543
23543
23543
23543
22863
21839
0
0
13539
14563
15786
16298
16839
17080
17471
17578
17784
17884
18062
18140
20222
21016
22253
22720
23215
23379
23543
23543
23543
23543
23543
23543
23543
23543
23543
23543
22863
21839
0
0
13994
15018
16184
16568
17137
17415
17671
17784
18005
18111
18303
18389
20280
21043
22262
22723
23216
23380
23543
23543
23543
23543
23543
23543
23543
23543
23543
23543
22863
21839
0
0
14335
15359
16398
16668
17251
17486
17763
17884
18111
18218
18410
18463
20305
21055
22266
22725
23216
23380
23543
23543
23543
23543
23543
23543
23543
23543
23543
23543
22863
21839
0
0
14506
15530
16568
16881
17464
17628
17919
18047
18289
18403
18517
18559
20350
21075
22273
22727
23217
23380
23543
23543
23543
23543
23543
23543
23543
23543
23543
23543
22863
21839
0
0
14506
15530
16625
16995
17543
17699
17983
18111
18360
18456
18559
18602
20369
21084
22276
22728
23218
23381
23543
23543
23543
23543
23543
23543
23543
23543
23543
23543
22863
21839
0
0
14620
15644
16739
17137
17628
17784
18083
18225
18456
18513
18616
18663
20398
21096
22281
22730
23219
23381
23543
23543
23543
23543
23543
23543
23543
23543
23543
23543
22863
21839
0
0
14734
15758
16796
17166
17635
17799
18119
18275
18481
18531
18631
18680
20407
21100
22282
22731
23219
23381
23543
23543
23543
23543
23543
23543
23543
23543
23543
23543
22863
21839
0
0
14791
15815
16810
17151
17621
17791
18111
18261
18471
18520
18620
18670
20401
21097
22281
22731
23219
23381
23543
23543
23543
23543
23543
23543
23543
23543
23543
23543
22863
21839
0
0
14734
15758
16767
17109
17599
17770
18069
18197
18435
18492
18595
18641
20387
21091
22279
22730
23219
23381
23543
23543
23543
23543
23543
23543
23543
23543
23543
23543
22863
21839
0
0
14563
15587
16625
16952
17493
17642
17898
18005
18225
18339
18481
18520
20328
21064
22159
22615
23065
23242
23446
23474
23515
23529
23543
23543
23543
23543
23543
23543
22863
21839
0
0
14449
15473
16526
16839
17407
17535
17770
17877
18083
18183
18353
18424
20284
21044
22040
22476
22911
23103
23349
23404
23487
23515
23543
23543
23543
23543
23543
23543
22863
21839
0
0
14108
15132
16184
16526
16952
17137
17457
17550
17706
17770
17898
17962
19729
20548
21603
21959
22586
22751
22999
23082
23220
23276
23345
23359
23373
23373
23317
23260
22637
21613
0
0
13880
14904
15900
16270
16668
16824
17137
17294
17471
17514
17621
17685
18983
19665
21064
21668
22300
22538
22745
22829
22981
23050
23147
23175
23203
23203
23090
22977
22293
21269
0
0
13084
14108
15018
15359
15701
15871
16213
16383
16497
16526
16639
16725
16839
16867
19726
20654
21425
21575
21797
21909
22131
22241
22407
22463
22519
22519
22293
22066
21269
20245
0
0
12060
13084
13994
14335
14677
14847
15189
15359
15473
15502
15615
15701
15815
15843
18702
19630
20401
20551
20773
20885
21107
21217
21383
21439
21495
21495
21269
21042
20245
19221
0
0
0
0
0
0
0
0
0
0
0
0
0
0
0
0
0
0
0
0
0
0
0
0
0
0
0
0
0
0
0
0
0
0
0
0
0
0
0
0
0
0
0
0
0
0
0
0
0
0
0
0
0
0
0
0
0
0
0
0
0
0
0
0
0
0
0
0
10012
11036
12060
12401
12856
13084
18268
19260
20597
21047
21614
21727
21839
21839
21839
21839
21839
21839
21839
21839
21839
21839
21839
21839
21726
21613
20815
19791
0
0
0
0
11036
12060
13084
13425
13880
14108
19292
20284
21621
22071
22638
22751
22863
22863
22863
22863
22863
22863
22863
22863
22863
22863
22863
22863
22750
22637
21839
20815
0
0
10012
11036
12629
13311
14335
14677
15303
15473
19873
20857
22196
22699
23206
23375
23543
23543
23543
23543
23543
23543
23543
23543
23543
23543
23543
23543
23373
23203
22519
21495
0
0
11036
12060
13311
13653
14677
15189
15729
15928
19902
20870
22200
22701
23207
23375
23543
23543
23543
23543
23543
23543
23543
23543
23543
23543
23543
23543
23373
23203
22519
21495
0
0
12060
13084
14335
14677
15530
15871
16455
16611
19960
20896
22210
22705
23208
23376
23543
23543
23543
23543
23543
23543
23543
23543
23543
23543
23543
23543
23373
23203
22519
21495
0
0
12401
13425
14677
15189
15871
16213
16654
16839
19991
20911
22215
22707
23209
23376
23543
23543
23543
23543
23543
23543
23543
23543
23543
23543
23543
23543
23373
23203
22519
21495
0
0
12856
13880
15303
15729
16455
16654
17066
17279
20047
20938
22226
22710
23211
23377
23543
23543
23543
23543
23543
23543
23543
23543
23543
23543
23543
23543
23373
23203
22519
21495
0
0
13084
14108
15473
15928
16611
16839
17279
17450
20074
20951
22231
22712
23211
23377
23543
23543
23543
23543
23543
23543
23543
23543
23543
23543
23543
23543
23373
23203
22519
21495
0
0
13539
14563
15815
16355
16910
17180
17543
17656
20124
20975
22239
22715
23212
23378
23543
23543
23543
23543
23543
23543
23543
23543
23543
23543
23543
23543
23373
23203
22519
21495
0
0
13767
14791
16014
16483
17052
17336
17635
17756
20147
20984
22243
22717
23213
23378
23543
23543
23543
23543
23543
23543
23543
23543
23543
23543
23543
23543
23373
23203
22519
21495
0
0
14222
15246
16383
16682
17294
17507
17799
17934
20190
21003
22249
22719
23215
23379
23543
23543
23543
23543
23543
23543
23543
23543
23543
23543
23543
23543
23373
23203
22519
21495
0
0
14392
15416
16469
16767
17393
17564
17870
18012
20209
21012
22252
22720
23215
23379
23543
23543
23543
23543
23543
23543
23543
23543
23543
23543
23543
23543
23373
23203
22519
21495
0
0
14506
15530
16583
16910
17493
17663
17969
18104
20231
21023
22256
22722
23215
23379
23543
23543
23543
23543
23543
23543
23543
23543
23543
23543
23543
23543
23373
23203
22519
21495
0
0
14506
15530
16611
16967
17535
17706
17998
18119
20232
21024
22257
22722
23215
23379
23543
23543
23543
23543
23543
23543
23543
23543
23543
23543
23543
23543
23373
23203
22519
21495
0
0
14506
15530
16625
16995
17543
17699
17969
18083
20222
21019
22145
22611
23063
23241
23433
23447
23478
23495
23519
23526
23536
23540
23543
23543
23543
23543
23373
23203
22519
21495
0
0
14506
15530
16611
16967
17507
17649
17912
18033
20209
21012
22031
22471
22911
23103
23323
23351
23412
23447
23495
23508
23529
23536
23543
23543
23543
23543
23373
23203
22519
21495
0
0
14449
15473
16497
16782
17322
17493
17735
17848
19720
20547
21607
21966
22577
22729
22956
23032
23169
23231
23334
23375
23438
23459
23487
23494
23501
23501
23317
23132
22406
21382
0
0
14392
15416
16398
16625
17109
17365
17614
17713
19032
19699
21090
21683
22263
22457
22699
22809
22992
23064
23198
23260
23353
23384
23430
23444
23458
23458
23260
23061
22292
21268
0
0
13880
14904
15871
16213
16668
16867
17208
17351
17514
17578
19854
20720
21507
21626
21979
22213
22584
22680
22853
22928
23046
23087
23150
23171
23181
23171
22990
22820
22008
20984
0
0
13425
14449
15530
15871
16440
16583
16839
16952
17194
17322
19043
19806
20727
21034
21601
21780
22180
22400
22643
22712
22823
22864
22927
22948
22947
22926
22777
22650
21839
20815
0
0
12060
13084
14449
14904
15473
15587
15815
15928
16213
16383
16497
16526
18709
19583
20415
20613
21109
21439
21719
21802
21941
21997
22080
22108
22093
22050
21895
21782
21041
20017
0
0
11036
12060
13425
13880
14449
14563
14791
14904
15189
15359
15473
15502
17685
18559
19391
19589
20085
20415
20695
20778
20917
20973
21056
21084
21069
21026
20871
20758
20017
18993
0
0
0
0
0
0
0
0
0
0
0
0
0
0
0
0
0
0
0
0
0
0
0
0
0
0
0
0
0
0
0
0
0
