0
1
2
3
4
5
6
7
8
9
10
11
12
13
14
15
1
2
3
4
5
6
7
8
9
10
11
12
13
14
15
16
2
3
4
5
6
7
8
9
10
11
12
13
14
15
16
17
3
4
5
6
7
8
9
10
11
12
13
14
15
16
17
18
4
5
6
7
8
9
10
11
12
13
14
15
16
17
18
19
5
6
7
8
9
10
11
12
13
14
15
16
17
18
19
20
6
7
8
9
10
11
12
13
14
15
16
17
18
19
20
21
7
8
9
10
11
12
13
14
15
16
17
18
19
20
21
22
8
9
10
11
12
13
14
15
16
17
18
19
20
21
22
23
9
10
11
12
13
14
15
16
17
18
19
20
21
22
23
24
10
11
12
13
14
15
16
17
18
19
20
21
22
23
24
25
11
12
13
14
15
16
17
18
19
20
21
22
23
24
25
26
0
0
0
0
0
0
0
0
0
0
0
0
0
0
0
0
0
1
3
4
5
6
7
8
9
10
11
12
13
14
15
0
0
3
4
5
6
7
8
9
10
11
12
13
14
15
16
0
0
4
5
6
7
8
9
10
11
12
13
14
15
16
17
0
0
5
6
7
8
9
10
11
12
13
14
15
16
17
18
0
0
6
7
8
9
10
11
12
13
14
15
16
17
18
19
0
0
7
8
9
10
11
12
13
14
15
16
17
18
19
20
0
0
8
9
10
11
12
13
14
15
16
17
18
19
20
21
0
0
9
10
11
12
13
14
15
16
17
18
19
20
21
22
0
0
10
11
12
13
14
15
16
17
18
19
20
21
22
23
0
0
11
12
13
14
15
16
17
18
19
20
21
22
23
24
0
0
0
0
0
0
0
0
0
0
0
0
0
0
0
0
0
0
0
0
0
0
0
0
0
0
0
0
0
0
0
0
0
0
4
2
3
4
4
5
6
7
7
8
9
10
10
7
0
0
2
4
5
6
7
8
9
10
11
12
13
14
15
11
0
0
3
5
6
7
8
9
10
11
12
13
14
15
16
12
0
0
4
6
7
8
9
10
11
12
13
14
15
16
17
13
0
0
4
7
8
9
10
11
12
13
14
15
16
17
18
14
0
0
5
8
9
10
11
12
13
14
15
16
17
18
19
14
0
0
6
9
10
11
12
13
14
15
16
17
18
19
20
15
0
0
7
10
11
12
13
14
15
16
17
18
19
20
21
16
0
0
7
11
12
13
14
15
16
17
18
19
20
21
22
17
0
0
5
8
9
10
11
11
12
13
14
14
15
16
17
11
0
0
0
0
0
0
0
0
0
0
0
0
0
0
0
0
0
0
0
0
0
0
0
0
0
0
0
0
0
0
0
0
0
0
1
2
2
3
4
4
5
5
6
7
7
8
8
5
0
0
2
3
4
5
6
7
8
9
10
11
12
13
12
8
0
0
2
4
6
7
8
9
10
11
12
13
14
15
14
10
0
0
3
5
7
8
9
10
11
12
13
14
15
16
15
10
0
0
4
6
8
9
10
11
12
13
14
15
16
17
16
11
0
0
4
7
9
10
11
12
13
14
15
16
17
18
17
12
0
0
5
8
10
11
12
13
14
15
16
17
18
19
18
12
0
0
5
9
11
12
13
14
15
16
17
18
19
20
19
13
0
0
5
9
11
12
13
13
14
15
16
17
18
19
19
12
0
0
3
6
7
8
8
9
10
10
11
12
12
13
12
8
0
0
0
0
0
0
0
0
0
0
0
0
0
0
0
0
0
0
0
0
0
0
0
0
0
0
0
0
0
0
0
0
0
0
1
1
2
2
3
4
4
5
5
6
6
7
6
4
0
0
1
3
4
5
6
6
7
8
9
10
11
11
10
6
0
0
2
4
5
6
7
8
9
10
11
12
13
14
13
8
0
0
2
5
6
8
9
10
11
12
13
14
15
15
14
9
0
0
3
6
7
9
10
11
12
13
14
15
16
16
15
9
0
0
4
6
8
10
11
12
13
14
15
16
17
17
16
10
0
0
4
7
9
11
12
13
14
15
16
17
18
18
16
10
0
0
4
8
10
11
12
13
14
15
16
17
18
19
17
10
0
0
4
7
9
11
11
12
13
14
15
16
16
17
15
10
0
0
2
4
6
6
7
7
8
9
9
10
10
10
10
6
0
0
0
0
0
0
0
0
0
0
0
0
0
0
0
0
0
0
0
0
0
0
0
0
0
0
0
0
0
0
0
255
255
0
0
1
1
2
3
3
4
4
5
5
6
5
5
255
255
0
1
2
3
4
5
6
6
7
8
9
10
10
9
255
255
0
1
3
5
6
7
8
9
10
11
12
13
13
11
255
255
0
2
4
6
7
8
9
10
11
12
13
14
14
13
255
255
0
3
5
7
8
10
11
12
13
14
15
15
15
13
255
255
0
3
6
8
9
11
12
13
14
15
16
16
16
14
255
255
0
3
6
9
10
11
12
13
14
15
16
17
17
15
255
255
0
4
7
9
11
11
12
13
14
15
16
17
17
15
255
255
0
3
6
8
9
10
11
12
13
13
14
15
15
13
7
0
0
2
3
4
6
6
6
7
7
8
8
9
9
7
5
0
0
0
0
0
0
0
0
0
0
0
0
0
0
0
0
0
0
0
0
0
0
0
0
0
0
0
0
0
0
0
0
0
0
0
0
1
2
2
3
3
4
4
5
5
5
67
192
0
0
0
2
3
4
5
5
6
7
8
8
9
255
255
255
255
0
1
3
4
5
6
7
8
9
10
11
12
255
255
255
255
0
2
4
5
7
8
9
10
11
12
13
13
255
255
255
255
0
2
5
6
8
9
10
11
12
13
14
15
255
255
255
255
0
3
5
7
9
10
11
12
13
14
15
16
255
255
255
255
0
3
6
8
10
11
12
13
14
15
16
16
255
255
255
255
0
3
6
8
9
11
11
12
13
14
15
16
255
255
255
255
0
3
5
7
8
9
10
11
11
12
13
13
255
255
255
255
0
1
3
4
4
5
6
6
7
7
7
8
255
255
255
255
0
0
0
0
0
0
0
0
0
0
0
0
0
0
0
0
0
0
0
0
0
0
0
0
0
0
0
0
0
0
0
0
0
0
0
1
1
2
2
3
3
4
4
4
81
113
80
0
0
0
1
2
3
4
5
5
6
7
8
70
131
208
239
0
0
1
2
4
5
6
7
8
9
10
255
255
255
255
255
255
0
1
3
5
6
7
8
9
10
11
255
255
255
255
255
255
0
2
4
6
7
9
10
11
12
13
255
255
255
255
255
255
0
2
5
7
8
10
11
12
13
14
255
255
255
255
255
255
0
3
5
7
9
10
11
12
13
14
255
255
255
255
255
255
0
3
5
7
9
10
11
12
12
13
255
255
255
255
255
255
0
2
4
6
7
8
9
9
10
11
255
255
255
255
255
255
0
1
2
3
4
4
5
6
6
6
255
255
255
255
255
255
0
0
0
0
0
0
0
0
0
0
255
255
255
255
255
255
0
0
0
0
0
0
0
0
0
0
0
0
0
0
0
0
0
0
0
0
1
1
2
2
255
255
255
255
255
255
255
255
0
0
1
2
3
4
4
5
255
255
255
255
255
255
255
255
0
0
2
3
4
5
6
7
255
255
255
255
255
255
255
255
0
1
3
4
6
7
8
9
255
255
255
255
255
255
255
255
0
1
4
5
7
8
9
10
255
255
255
255
255
255
255
255
0
2
4
6
8
9
10
11
255
255
255
255
255
255
255
255
0
2
5
7
8
10
11
12
255
255
255
255
255
255
255
255
0
2
4
6
8
9
10
11
255
255
255
255
255
255
255
255
0
2
3
5
6
7
8
9
255
255
255
255
255
255
255
255
0
1
2
3
3
4
4
5
5
68
192
255
255
255
255
0
0
0
0
0
0
0
0
0
0
0
0
0
0
0
0
0
0
0
0
0
0
0
255
255
255
255
255
255
255
255
255
0
0
0
0
0
1
1
255
255
255
255
255
255
255
255
255
0
0
0
1
1
2
3
255
255
255
255
255
255
255
255
255
0
0
0
1
3
4
5
255
255
255
255
255
255
255
255
255
0
0
1
2
4
5
6
255
255
255
255
255
255
255
255
255
0
0
1
3
5
6
8
255
255
255
255
255
255
255
255
255
0
0
1
4
6
7
9
255
255
255
255
255
255
255
255
255
0
0
2
4
6
8
9
255
255
255
255
255
255
255
255
255
0
0
2
4
6
7
8
255
255
255
255
255
255
255
255
255
0
0
1
3
4
5
6
7
69
131
208
239
255
255
255
255
0
0
1
1
2
3
3
4
4
82
113
144
175
191
191
127
0
0
0
0
0
0
0
0
0
0
0
0
0
0
0
0
0
0
0
0
0
0
0
0
0
0
0
0
0
0
0
0
0
0
0
0
0
0
64
191
255
255
255
255
255
255
255
191
0
0
0
0
1
255
255
255
255
255
